T   100         :: compute times?, if not # times to read from this file 
-2   12   65     :: minlogt (integer), maxlogt (integer), # times for log-spaced data  
1.0000e-04      :: beginning of time vector read from file (one time per row)
1.1498e-04
1.3219e-04
1.5199e-04
1.7475e-04
2.0092e-04
2.3101e-04
2.6561e-04
3.0539e-04
3.5112e-04
4.0370e-04
4.6416e-04
5.3367e-04
6.1359e-04
7.0548e-04
8.1113e-04
9.3260e-04
1.0723e-03
1.2328e-03
1.4175e-03
1.6298e-03
1.8738e-03
2.1544e-03
2.4771e-03
2.8480e-03
3.2745e-03
3.7649e-03
4.3288e-03
4.9770e-03
5.7224e-03
6.5793e-03
7.5646e-03
8.6975e-03
1.0000e-02
1.1498e-02
1.3219e-02
1.5199e-02
1.7475e-02
2.0092e-02
2.3101e-02
2.6561e-02
3.0539e-02
3.5112e-02
4.0370e-02
4.6416e-02
5.3367e-02
6.1359e-02
7.0548e-02
8.1113e-02
9.3260e-02
1.0723e-01
1.2328e-01
1.4175e-01
1.6298e-01
1.8738e-01
2.1544e-01
2.4771e-01
2.8480e-01
3.2745e-01
3.7649e-01
4.3288e-01
4.9770e-01
5.7224e-01
6.5793e-01
7.5646e-01
8.6975e-01
1.0000e+00
1.1498e+00
1.3219e+00
1.5199e+00
1.7475e+00
2.0092e+00
2.3101e+00
2.6561e+00
3.0539e+00
3.5112e+00
4.0370e+00
4.6416e+00
5.3367e+00
6.1359e+00
7.0548e+00
8.1113e+00
9.3260e+00
1.0723e+01
1.2328e+01
1.4175e+01
1.6298e+01
1.8738e+01
2.1544e+01
2.4771e+01
2.8480e+01
3.2745e+01
3.7649e+01
4.3288e+01
4.9770e+01
5.7224e+01
6.5793e+01
7.5646e+01
8.6975e+01
1.0000e+02
