0.000000000000000
2.404825557695773
5.520078110286311
8.653727912911011
11.79153443901428
14.93091770848779
18.07106396791092
21.21163662987926
24.35247153074930
27.49347913204025
30.63460646843198
33.77582021357357
36.91709835366404
40.05842576462824
43.19979171317673
46.34118837166181
49.48260989739782
52.62405184111500
55.76551075501998
58.90698392608094
62.04846919022717
65.18996480020686
68.33146932985680
71.47298160359373
74.61450064370184
77.75602563038806
80.89755587113763
84.03909077693819
87.18062984364115
90.32217263721048
93.46371878194477
96.60526795099627
99.74681985868060
102.8883742541948
106.0299309164516
109.1714896498054
112.3130502804949
115.4546126536669
118.5961766308725
121.7377420879510
124.8793089132329
128.0208770060083
131.1624462752139
134.3040166383055
137.4455880202843
140.5871603528543
143.7287335736897
146.8703076257966
150.0118824569548
153.1534580192279
156.2950342685335
159.4366111642631
162.5781886689467
165.7197667479550
168.8613453692358
172.0029245030782
175.1445041219027
178.2860842000738
181.4276647137311
184.5692456406387
187.7108269600494
190.8524086525815
193.9939907001091
197.1355730856614
200.2771557933324
203.4187388081986
206.5603221162445
209.7019057042941
212.8434895599495
215.9850736715340
219.1266580280406
222.2682426190843
225.4098274348593
228.5514124660988
231.6929977040385
234.8345831403832
237.9761687672757
241.1177545772680
244.2593405632957
247.4009267186528
250.5425130369700
253.6840995121931
256.8256861385644
259.9672729106045
263.1088598230955
266.2504468710659
269.3920340497761
272.5336213547049
275.6752087815375
278.8167963261531
281.9583839846149
285.0999717531596
288.2415596281877
291.3831476062552
294.5247356840650
297.6663238584589
300.8079121264111
303.9495004850206
307.0910889315050
310.2326774631950
313.3742660775278
316.5158547720429
319.6574435443762
322.7990323922556
325.9406213134967
329.0822103059986
332.2237993677396
335.3653884967741
338.5069776912285
341.6485669492981
344.7901562692440
347.9317456493902
351.0733350881206
354.2149245838764
357.3565141351537
360.4981037405011
363.6396933985170
366.7812831078483
369.9228728671875
373.0644626752712
376.2060525308784
379.3476424328284
382.4892323799793
385.6308223712263
388.7724124055006
391.9140024817673
395.0555925990248
398.1971827563028
401.3387729526616
404.4803631871904
407.6219534590068
410.7635437672553
413.9051341111063
417.0467244897553
420.1883149024216
423.3299053483481
426.4714958267996
429.6130863370627
432.7546768784446
435.8962674502723
439.0378580518925
442.1794486826700
445.3210393419877
448.4626300292460
451.6042207438617
454.7458114852677
457.8874022529128
461.0289930462604
464.1705838647888
467.3121747079900
470.4537655753698
473.5953564664471
476.7369473807533
479.8785383178323
483.0201292772397
486.1617202585426
489.3033112613194
492.4449022851590
495.5864933296609
498.7280843944346
501.8696754790994
505.0112665832841
508.1528577066267
511.2944488487740
514.4360400093816
517.5776311881133
520.7192223846410
523.8608135986446
527.0024048298115
530.1439960778367
533.2855873424221
536.4271786232769
539.5687699201169
542.7103612326644
545.8519525606483
548.9935439038036
552.1351352618712
555.2767266345981
558.4183180217369
561.5599094230457
564.7015008382880
567.8430922672325
570.9846837096531
574.1262751653285
577.2678666340424
580.4094581155830
583.5510496097432
586.6926411163202
589.8342326351157
592.9758241659354
596.1174157085893
599.2590072628912
602.4005988286588
605.5421904057138
608.6837819938814
611.8253735929903
614.9669652028729
618.1085568233650
621.2501484543055
624.3917400955367
627.5333317469042
630.6749234082564
633.8165150794449
636.9581067603241
640.0996984507513
643.2412901505867
646.3828818596930
649.5244735779358
652.6660653051830
655.8076570413054
658.9492487861759
662.0908405396701
665.2324323016657
668.3740240720429
671.5156158506840
674.6572076374736
677.7987994322984
680.9403912350472
684.0819830456108
687.2235748638821
690.3651666897557
693.5067585231285
696.6483503638989
699.7899422119673
702.9315340672359
706.0731259296085
709.2147177989908
712.3563096752900
715.4979015584149
718.6394934482762
721.7810853447858
724.9226772478572
728.0642691574057
731.2058610733475
734.3474529956008
737.4890449240848
740.6306368587203
743.7722287994293
746.9138207461351
750.0554126987625
753.1970046572373
756.3385966214867
759.4801885914389
762.6217805670236
765.7633725481714
768.9049645348141
772.0465565268846
775.1881485243170
778.3297405270463
781.4713325350086
784.6129245481411
787.7545165663819
790.8961085896701
794.0377006179459
797.1792926511503
800.3208846892252
803.4624767321134
806.6040687797589
809.7456608321061
812.8872528891006
816.0288449506887
819.1704370168175
822.3120290874351
825.4536211624900
828.5952132419320
831.7368053257113
834.8783974137788
838.0199895060865
841.1615816025867
844.3031737032327
847.4447658079783
850.5863579167782
853.7279500295876
856.8695421463623
860.0111342670590
863.1527263916348
866.2943185200474
869.4359106522554
872.5775027882177
875.7190949278939
878.8606870712442
882.0022792182293
885.1438713688106
888.2854635229498
891.4270556806093
894.5686478417521
897.7102400063416
900.8518321743418
903.9934243457170
907.1350165204322
910.2766086984528
913.4182008797448
916.5597930642744
919.7013852520085
922.8429774429144
925.9845696369598
929.1261618341129
932.2677540343422
935.4093462376167
938.5509384439059
941.6925306531795
944.8341228654079
947.9757150805616
951.1173072986117
954.2588995195295
957.4004917432868
960.5420839698558
963.6836761992089
966.8252684313191
969.9668606661595
973.1084529037036
976.2500451439255
979.3916373867992
982.5332296322995
985.6748218804011
988.8164141310792
991.9580063843095
995.0995986400676
998.2411908983298
1001.382783159073
1004.524375422272
1007.665967687907
1010.807559955952
1013.949152226387
1017.090744499189
1020.232336774336
1023.373929051806
1026.515521331579
1029.657113613632
1032.798705897946
1035.940298184500
1039.081890473273
1042.223482764245
1045.365075057397
1048.506667352709
1051.648259650162
1054.789851949736
1057.931444251412
1061.073036555172
1064.214628860998
1067.356221168871
1070.497813478773
1073.639405790686
1076.780998104593
1079.922590420477
1083.064182738319
1086.205775058104
1089.347367379814
1092.488959703433
1095.630552028944
1098.772144356331
1101.913736685578
1105.055329016670
1108.196921349589
1111.338513684322
1114.480106020853
1117.621698359165
1120.763290699246
1123.904883041079
1127.046475384650
1130.188067729945
1133.329660076948
1136.471252425647
1139.612844776027
1142.754437128074
1145.896029481774
1149.037621837114
1152.179214194081
1155.320806552661
1158.462398912841
1161.603991274608
1164.745583637949
1167.887176002851
1171.028768369303
1174.170360737291
1177.311953106804
1180.453545477828
1183.595137850353
1186.736730224365
1189.878322599854
1193.019914976808
1196.161507355214
1199.303099735062
1202.444692116341
1205.586284499039
1208.727876883145
1211.869469268648
1215.011061655538
1218.152654043803
1221.294246433434
1224.435838824418
1227.577431216747
1230.719023610410
1233.860616005396
1237.002208401696
1240.143800799299
1243.285393198196
1246.426985598377
1249.568577999833
1252.710170402552
1255.851762806527
1258.993355211748
1262.134947618205
1265.276540025889
1268.418132434792
1271.559724844903
1274.701317256215
1277.842909668718
1280.984502082403
1284.126094497263
1287.267686913287
1290.409279330469
1293.550871748798
1296.692464168268
1299.834056588869
1302.975649010594
1306.117241433434
1309.258833857381
1312.400426282428
1315.542018708567
1318.683611135789
1321.825203564087
1324.966795993454
1328.108388423882
1331.249980855362
1334.391573287889
1337.533165721454
1340.674758156050
1343.816350591670
1346.957943028307
1350.099535465953
1353.241127904603
1356.382720344247
1359.524312784881
1362.665905226497
1365.807497669087
1368.949090112646
1372.090682557167
1375.232275002643
1378.373867449068
1381.515459896435
1384.657052344738
1387.798644793970
1390.940237244125
1394.081829695198
1397.223422147181
1400.365014600068
1403.506607053854
1406.648199508532
1409.789791964097
1412.931384420543
1416.072976877863
1419.214569336052
1422.356161795105
1425.497754255015
1428.639346715776
1431.780939177384
1434.922531639833
1438.064124103116
1441.205716567230
1444.347309032167
1447.488901497924
1450.630493964494
1453.772086431872
1456.913678900053
1460.055271369033
1463.196863838805
1466.338456309364
1469.480048780707
1472.621641252827
1475.763233725719
1478.904826199379
1482.046418673802
1485.188011148983
1488.329603624917
1491.471196101600
1494.612788579026
1497.754381057192
1500.895973536091
1504.037566015721
1507.179158496075
1510.320750977151
1513.462343458942
1516.603935941445
1519.745528424656
1522.887120908570
1526.028713393182
1529.170305878488
1532.311898364485
1535.453490851167
1538.595083338531
1541.736675826573
1544.878268315287
1548.019860804671
1551.161453294720
1554.303045785430
1557.444638276797
1560.586230768818
1563.727823261487
1566.869415754802
1570.011008248758